"","DOID:9351","DOID:5419","DOID:1883","DOID:9120","DOID:4606","DOID:3996","DOID:5082","DOID:437","DOID:0070004","DOID:2226","DOID:8534","DOID:6132","DOID:90","DOID:12842","DOID:9743","DOID:10155","DOID:0060094","DOID:2598","DOID:2452","DOID:76","DOID:1781","DOID:2468","DOID:8893","DOID:5916","DOID:9538","DOID:9452","DOID:936","DOID:11705","DOID:13413","DOID:12143","DOID:409","DOID:631","DOID:0060320","DOID:8557","DOID:2913","DOID:1432","DOID:5393","DOID:2883","DOID:1936","DOID:2998","DOID:3982","DOID:1749","DOID:11054","DOID:6713","DOID:1380","DOID:74","DOID:1686","DOID:0050638","DOID:8712","DOID:8850","DOID:10952","DOID:850","DOID:0050853","DOID:4362","DOID:10241","DOID:125","DOID:0050820","DOID:12894","DOID:0060224","DOID:13189","DOID:10908","DOID:14250","DOID:1612","DOID:1324","DOID:3083","DOID:4483","DOID:2596","DOID:1574","DOID:4029","DOID:848","DOID:1240","DOID:0050908","DOID:10283","DOID:1909","DOID:0060321","DOID:7148","DOID:1993","DOID:0060060","DOID:3146","DOID:9408","DOID:8857","DOID:9477","DOID:3393","DOID:0050847","DOID:1470","DOID:1826","DOID:9675","DOID:0050745","DOID:594","DOID:11787","DOID:320","DOID:2986","DOID:224","DOID:4960","DOID:561","DOID:4159","DOID:8398","DOID:11512","DOID:363","DOID:1307","DOID:10533","DOID:399","DOID:219","DOID:7693","DOID:526","DOID:10763","DOID:784","DOID:8778","DOID:3021","DOID:0060058","DOID:10079","DOID:874","DOID:9074","DOID:1468","DOID:3312","DOID:0060095","DOID:11476","DOID:14320","DOID:3798","DOID:0050623","DOID:1289","DOID:0060082","DOID:14330","DOID:552","DOID:1727","DOID:2914","DOID:9970","DOID:0060000","DOID:8536","DOID:1969","DOID:1273","DOID:184","DOID:7505","DOID:10652","DOID:1984","DOID:7998","DOID:112","DOID:13121","DOID:3571","DOID:1459","DOID:6000","DOID:162","DOID:7475","DOID:0050127","DOID:0060072","DOID:686","DOID:1793","DOID:12930","DOID:1319","DOID:1579","DOID:8689","DOID:0060119","DOID:5041","DOID:10791","DOID:2841","DOID:2742","DOID:3721","DOID:0050742","DOID:10211","DOID:0050557","DOID:289"
"DOID:9351",1,0.0714299464323527,0.0933602719681705,0.417263256347538,0.0476199206365212,0.0714299464323527,0.0571439257166366,0.0367574589715877,0.041172338956928,0.0367619429090039,0.0933602719681705,0.0475288235576909,0.041172338956928,0.041172338956928,0.0714299464323527,0.0571439257166366,0.0476199206365212,0.0571439257166366,0.0571439257166366,0.0933602719681705,0.0571439257166366,0.0933602719681705,0.0714299464323527,0.041172338956928,0.0367619429090039,0.138778105311832,0.0714299464323527,0.0714299464323527,0.0571439257166366,0.0714299464323527,0.0714299464323527,0.041172338956928,0.0714299464323527,0.0476199206365212,0.0571439257166366,0.041172338956928,0.0476199206365212,0.0476199206365212,0.041172338956928,0.0476199206365212,0.0337236205744276,0.0571439257166366,0.0571439257166366,0.0571439257166366,0.041172338956928,0.0933602719681705,0.0367619429090039,0.319248127932352,0.0571439257166366,0.0476199206365212,0.0714299464323527,0.0714299464323527,0.0476199206365212,0.0476199206365212,0.0571439257166366,0.041172338956928,0.0714299464323527,0.0571439257166366,0.0714299464323527,0.041172338956928,0.0426446968793531,0.0933602719681705,0.0571439257166366,0.0571439257166366,0.0476199206365212,0.0476199206365212,0.0571439257166366,0.0714299464323527,0.0714299464323527,0.0476199206365212,0.0476199206365212,0.041172338956928,0.0476199206365212,0.0714299464323527,0.0714299464323527,0.041172338956928,0.0367619429090039,0.041172338956928,0.226732089065557,0.041172338956928,0.0571439257166366,0.0571439257166366,0.0571439257166366,0.0933602719681705,0.0476199206365212,0.0571439257166366,0.041172338956928,0.0337236205744276,0.0714299464323527,0.0571439257166366,0.0571439257166366,0.0476199206365212,0.0476199206365212,0.0476199206365212,0.0571439257166366,0.0571439257166366,0.041172338956928,0.0571439257166366,0.0476199206365212,0.0933602719681705,0.0476199206365212,0.0714299464323527,0.0367619429090039,0.041172338956928,0.0933602719681705,0.0571439257166366,0.0571439257166366,0.0571439257166366,0.0571439257166366,0.0476199206365212,0.0571439257166366,0.0476199206365212,0.0545144690325174,0.034435159297279,0.0714299464323527,0.0476199206365212,0.041172338956928,0.0714299464323527,0.0571439257166366,0.0571439257166366,0.0714299464323527,0.0571439257166366,0.0476199206365212,0.0571439257166366,0.0476199206365212,0.128249502550101,0.255398361876396,0.0476199206365212,0.0933602719681705,0.0571439257166366,0.0933602719681705,0.0476199206365212,0.0476199206365212,0.0476199206365212,0.0476199206365212,0.0714299464323527,0.0571439257166366,0.0571439257166366,0.0571439257166366,0.0714299464323527,0.0714299464323527,0.128249502550101,0.0714299464323527,0.0476199206365212,0.128249502550101,0.0476199206365212,0.0571439257166366,0.0415965914318758,0.0476199206365212,0.128249502550101,0.0571439257166366,0.0571439257166366,0.0571439257166366,0.041172338956928,0.0475288235576909,0.0714299464323527,0.0301593188641145,0.0714299464323527,0.0714299464323527,0.041172338956928,0.0714299464323527
"DOID:5419",0.0714299464323527,1,0.109892388006257,0.109892388006257,0.0613432731147329,0.0865818037575277,0.0714299464323527,0.0470411711002957,0.0545213728963117,0.0498579928542293,0.109892388006257,0.0591184875446644,0.0545213728963117,0.0545213728963117,0.0865818037575277,0.0714299464323527,0.0613432731147329,0.0714299464323527,0.0714299464323527,0.109892388006257,0.0714299464323527,0.81153766419781,0.0865818037575277,0.0545213728963117,0.0498579928542293,0.0714299464323527,0.0865818037575277,0.0865818037575277,0.0714299464323527,0.0865818037575277,0.0865818037575277,0.0545213728963117,0.0865818037575277,0.0613432731147329,0.0714299464323527,0.0545213728963117,0.0613432731147329,0.0613432731147329,0.0545213728963117,0.0613432731147329,0.0466468368249435,0.0714299464323527,0.0714299464323527,0.0714299464323527,0.0545213728963117,0.109892388006257,0.0498579928542293,0.0865818037575277,0.0714299464323527,0.0613432731147329,0.0865818037575277,0.0865818037575277,0.0613432731147329,0.0613432731147329,0.0714299464323527,0.0545213728963117,0.0865818037575277,0.0714299464323527,0.0865818037575277,0.0545213728963117,0.054769356447929,0.109892388006257,0.0714299464323527,0.0714299464323527,0.0613432731147329,0.0613432731147329,0.0714299464323527,0.21027009483971,0.0865818037575277,0.0613432731147329,0.0613432731147329,0.0545213728963117,0.0613432731147329,0.0865818037575277,0.0865818037575277,0.0545213728963117,0.0498579928542293,0.0545213728963117,0.109892388006257,0.0545213728963117,0.0714299464323527,0.0714299464323527,0.0714299464323527,0.266881513729481,0.274166873716867,0.0714299464323527,0.0545213728963117,0.0466468368249435,0.386967653528542,0.0714299464323527,0.0714299464323527,0.0613432731147329,0.0613432731147329,0.0613432731147329,0.0714299464323527,0.0714299464323527,0.0545213728963117,0.0714299464323527,0.0613432731147329,0.491151693334087,0.0613432731147329,0.0865818037575277,0.0498579928542293,0.0545213728963117,0.109892388006257,0.0714299464323527,0.0714299464323527,0.0714299464323527,0.0714299464323527,0.0613432731147329,0.0714299464323527,0.0613432731147329,0.0656073668246963,0.0453887802993165,0.386967653528542,0.0613432731147329,0.0545213728963117,0.386967653528542,0.0714299464323527,0.0714299464323527,0.0865818037575277,0.0714299464323527,0.0613432731147329,0.0714299464323527,0.0613432731147329,0.147105639620399,0.0714299464323527,0.0613432731147329,0.109892388006257,0.0714299464323527,0.109892388006257,0.0613432731147329,0.0613432731147329,0.0613432731147329,0.0613432731147329,0.0865818037575277,0.0714299464323527,0.0714299464323527,0.0714299464323527,0.0865818037575277,0.0865818037575277,0.147105639620399,0.0865818037575277,0.0613432731147329,0.147105639620399,0.0613432731147329,0.0714299464323527,0.053389492321592,0.0613432731147329,0.147105639620399,0.173472727049999,0.0714299464323527,0.0714299464323527,0.0545213728963117,0.0591184875446644,0.0865818037575277,0.0428812849891,0.21027009483971,0.0865818037575277,0.0545213728963117,0.0865818037575277
"DOID:1883",0.0933602719681705,0.109892388006257,1,0.135412554283458,0.0823790970344355,0.109892388006257,0.0933602719681705,0.0625463769526861,0.074963219752206,0.0698989009481177,0.135412554283458,0.0766892201129323,0.074963219752206,0.074963219752206,0.109892388006257,0.0933602719681705,0.0823790970344355,0.0933602719681705,0.0933602719681705,0.135412554283458,0.0933602719681705,0.135412554283458,0.109892388006257,0.074963219752206,0.0698989009481177,0.0933602719681705,0.109892388006257,0.109892388006257,0.0933602719681705,0.109892388006257,0.109892388006257,0.074963219752206,0.109892388006257,0.0823790970344355,0.0933602719681705,0.074963219752206,0.0823790970344355,0.0823790970344355,0.074963219752206,0.0823790970344355,0.0664140661903645,0.0933602719681705,0.0933602719681705,0.0933602719681705,0.074963219752206,0.135412554283458,0.0698989009481177,0.109892388006257,0.0933602719681705,0.0823790970344355,0.109892388006257,0.109892388006257,0.0823790970344355,0.0823790970344355,0.0933602719681705,0.074963219752206,0.109892388006257,0.0933602719681705,0.109892388006257,0.074963219752206,0.0732139624486973,0.135412554283458,0.0933602719681705,0.0933602719681705,0.0823790970344355,0.0823790970344355,0.0933602719681705,0.109892388006257,0.109892388006257,0.0823790970344355,0.0823790970344355,0.074963219752206,0.0823790970344355,0.109892388006257,0.109892388006257,0.074963219752206,0.0698989009481177,0.074963219752206,0.135412554283458,0.074963219752206,0.0933602719681705,0.0933602719681705,0.0933602719681705,0.135412554283458,0.0823790970344355,0.0933602719681705,0.074963219752206,0.0664140661903645,0.109892388006257,0.0933602719681705,0.0933602719681705,0.0823790970344355,0.0823790970344355,0.0823790970344355,0.0933602719681705,0.0933602719681705,0.074963219752206,0.0933602719681705,0.0823790970344355,0.135412554283458,0.0823790970344355,0.266881513729481,0.0698989009481177,0.074963219752206,0.605211212001579,0.0933602719681705,0.0933602719681705,0.0933602719681705,0.0933602719681705,0.0823790970344355,0.226732089065557,0.0823790970344355,0.0823680641880438,0.0619673020201865,0.109892388006257,0.0823790970344355,0.074963219752206,0.109892388006257,0.0933602719681705,0.0933602719681705,0.109892388006257,0.0933602719681705,0.0823790970344355,0.0933602719681705,0.0823790970344355,0.176370950666949,0.0933602719681705,0.0823790970344355,0.605211212001579,0.0933602719681705,0.605211212001579,0.0823790970344355,0.0823790970344355,0.0823790970344355,0.0823790970344355,0.109892388006257,0.0933602719681705,0.0933602719681705,0.0933602719681705,0.109892388006257,0.109892388006257,0.176370950666949,0.109892388006257,0.0823790970344355,0.176370950666949,0.0823790970344355,0.0933602719681705,0.071300852949817,0.0823790970344355,0.176370950666949,0.0933602719681705,0.0933602719681705,0.0933602719681705,0.074963219752206,0.0766892201129323,0.109892388006257,0.0623300805587105,0.109892388006257,0.109892388006257,0.074963219752206,0.109892388006257
"DOID:9120",0.417263256347538,0.109892388006257,0.135412554283458,1,0.0823790970344355,0.109892388006257,0.0933602719681705,0.0625463769526861,0.074963219752206,0.0698989009481177,0.135412554283458,0.0766892201129323,0.074963219752206,0.074963219752206,0.109892388006257,0.0933602719681705,0.0823790970344355,0.0933602719681705,0.0933602719681705,0.135412554283458,0.0933602719681705,0.135412554283458,0.109892388006257,0.074963219752206,0.0698989009481177,0.226732089065557,0.109892388006257,0.109892388006257,0.0933602719681705,0.109892388006257,0.109892388006257,0.074963219752206,0.109892388006257,0.0823790970344355,0.0933602719681705,0.074963219752206,0.0823790970344355,0.0823790970344355,0.074963219752206,0.0823790970344355,0.0664140661903645,0.0933602719681705,0.0933602719681705,0.0933602719681705,0.074963219752206,0.135412554283458,0.0698989009481177,0.81153766419781,0.0933602719681705,0.0823790970344355,0.109892388006257,0.109892388006257,0.0823790970344355,0.0823790970344355,0.0933602719681705,0.074963219752206,0.109892388006257,0.0933602719681705,0.109892388006257,0.074963219752206,0.0732139624486973,0.135412554283458,0.0933602719681705,0.0933602719681705,0.0823790970344355,0.0823790970344355,0.0933602719681705,0.109892388006257,0.109892388006257,0.0823790970344355,0.0823790970344355,0.074963219752206,0.0823790970344355,0.109892388006257,0.109892388006257,0.074963219752206,0.0698989009481177,0.074963219752206,0.328859060402685,0.074963219752206,0.0933602719681705,0.0933602719681705,0.0933602719681705,0.135412554283458,0.0823790970344355,0.0933602719681705,0.074963219752206,0.0664140661903645,0.109892388006257,0.0933602719681705,0.0933602719681705,0.0823790970344355,0.0823790970344355,0.0823790970344355,0.0933602719681705,0.0933602719681705,0.074963219752206,0.0933602719681705,0.0823790970344355,0.135412554283458,0.0823790970344355,0.109892388006257,0.0698989009481177,0.074963219752206,0.135412554283458,0.0933602719681705,0.0933602719681705,0.0933602719681705,0.0933602719681705,0.0823790970344355,0.0933602719681705,0.0823790970344355,0.0823680641880438,0.0619673020201865,0.109892388006257,0.0823790970344355,0.074963219752206,0.109892388006257,0.0933602719681705,0.0933602719681705,0.109892388006257,0.0933602719681705,0.0823790970344355,0.0933602719681705,0.0823790970344355,0.176370950666949,0.417263256347538,0.0823790970344355,0.135412554283458,0.0933602719681705,0.135412554283458,0.0823790970344355,0.0823790970344355,0.0823790970344355,0.0823790970344355,0.109892388006257,0.0933602719681705,0.0933602719681705,0.0933602719681705,0.109892388006257,0.109892388006257,0.176370950666949,0.109892388006257,0.0823790970344355,0.176370950666949,0.0823790970344355,0.0933602719681705,0.071300852949817,0.0823790970344355,0.176370950666949,0.0933602719681705,0.0933602719681705,0.0933602719681705,0.074963219752206,0.0766892201129323,0.109892388006257,0.0623300805587105,0.109892388006257,0.109892388006257,0.074963219752206,0.109892388006257
"DOID:4606",0.0476199206365212,0.0613432731147329,0.0823790970344355,0.0823790970344355,1,0.453010235567401,0.0476199206365212,0.0298195175153452,0.238224860376036,0.206873557102869,0.0823790970344355,0.0397384474440781,0.0322586368373393,0.0322586368373393,0.0613432731147329,0.549999174998487,0.093408272931481,0.115648378688694,0.0476199206365212,0.0823790970344355,0.351665478053376,0.0823790970344355,0.0613432731147329,0.078342403747824,0.206873557102869,0.0476199206365212,0.0613432731147329,0.0613432731147329,0.0476199206365212,0.0613432731147329,0.0613432731147329,0.0322586368373393,0.0613432731147329,0.444229946263574,0.0476199206365212,0.0322586368373393,0.093408272931481,0.093408272931481,0.0322586368373393,0.284037401363075,0.0250877674831517,0.212831890191799,0.351665478053376,0.0476199206365212,0.238224860376036,0.0823790970344355,0.0280132767810044,0.0613432731147329,0.0476199206365212,0.444229946263574,0.0613432731147329,0.0613432731147329,0.0384622300306098,0.284037401363075,0.0476199206365212,0.078342403747824,0.0613432731147329,0.0476199206365212,0.0613432731147329,0.0322586368373393,0.0345131261002711,0.0823790970344355,0.351665478053376,0.351665478053376,0.0384622300306098,0.0384622300306098,0.351665478053376,0.0613432731147329,0.0613432731147329,0.0384622300306098,0.284037401363075,0.238224860376036,0.284037401363075,0.274166873716867,0.0613432731147329,0.0322586368373393,0.323546929785103,0.238224860376036,0.0823790970344355,0.0322586368373393,0.0476199206365212,0.0476199206365212,0.0476199206365212,0.0823790970344355,0.0384622300306098,0.0476199206365212,0.0322586368373393,0.185269140043217,0.0613432731147329,0.0476199206365212,0.0476199206365212,0.0384622300306098,0.0384622300306098,0.284037401363075,0.0476199206365212,0.351665478053376,0.0322586368373393,0.0476199206365212,0.284037401363075,0.0823790970344355,0.0384622300306098,0.0613432731147329,0.323546929785103,0.0322586368373393,0.0823790970344355,0.0476199206365212,0.0476199206365212,0.0476199206365212,0.0476199206365212,0.284037401363075,0.0476199206365212,0.0384622300306098,0.0470411711002957,0.0270640742074927,0.0613432731147329,0.093408272931481,0.0322586368373393,0.0613432731147329,0.0476199206365212,0.115648378688694,0.0613432731147329,0.115648378688694,0.0384622300306098,0.0476199206365212,0.0384622300306098,0.115768709113422,0.0476199206365212,0.0384622300306098,0.0823790970344355,0.0476199206365212,0.0823790970344355,0.284037401363075,0.093408272931481,0.0384622300306098,0.093408272931481,0.0613432731147329,0.0476199206365212,0.0476199206365212,0.549999174998487,0.0613432731147329,0.0613432731147329,0.517415250935496,0.0613432731147329,0.0384622300306098,0.281152579275452,0.444229946263574,0.351665478053376,0.0336791595511144,0.284037401363075,0.115768709113422,0.0476199206365212,0.549999174998487,0.549999174998487,0.0322586368373393,0.0397384474440781,0.0613432731147329,0.159917910029103,0.0613432731147329,0.0613432731147329,0.0322586368373393,0.0613432731147329
"DOID:3996",0.0714299464323527,0.0865818037575277,0.109892388006257,0.109892388006257,0.453010235567401,1,0.0714299464323527,0.0470411711002957,0.402631596345066,0.368193282506597,0.109892388006257,0.0591184875446644,0.0545213728963117,0.0545213728963117,0.0865818037575277,0.527498700621427,0.148976520421494,0.173472727049999,0.0714299464323527,0.109892388006257,0.527498700621427,0.109892388006257,0.0865818037575277,0.132409048462471,0.368193282506597,0.0714299464323527,0.0865818037575277,0.0865818037575277,0.0714299464323527,0.0865818037575277,0.0865818037575277,0.0545213728963117,0.0865818037575277,0.453010235567401,0.0714299464323527,0.0545213728963117,0.148976520421494,0.148976520421494,0.0545213728963117,0.453010235567401,0.0466468368249435,0.319248127932352,0.824999518748676,0.0714299464323527,0.402631596345066,0.109892388006257,0.0498579928542293,0.0865818037575277,0.0714299464323527,0.453010235567401,0.0865818037575277,0.0865818037575277,0.0613432731147329,0.453010235567401,0.0714299464323527,0.132409048462471,0.0865818037575277,0.0714299464323527,0.0865818037575277,0.0545213728963117,0.054769356447929,0.109892388006257,0.527498700621427,0.527498700621427,0.0613432731147329,0.0613432731147329,0.527498700621427,0.0865818037575277,0.0865818037575277,0.0613432731147329,0.453010235567401,0.402631596345066,0.453010235567401,0.386967653528542,0.0865818037575277,0.0545213728963117,0.368193282506597,0.402631596345066,0.109892388006257,0.0545213728963117,0.0714299464323527,0.0714299464323527,0.0714299464323527,0.109892388006257,0.0613432731147329,0.0714299464323527,0.0545213728963117,0.344479410138723,0.0865818037575277,0.0714299464323527,0.0714299464323527,0.0613432731147329,0.0613432731147329,0.453010235567401,0.0714299464323527,0.527498700621427,0.0545213728963117,0.0714299464323527,0.453010235567401,0.109892388006257,0.0613432731147329,0.0865818037575277,0.368193282506597,0.0545213728963117,0.109892388006257,0.0714299464323527,0.0714299464323527,0.0714299464323527,0.0714299464323527,0.453010235567401,0.0714299464323527,0.0613432731147329,0.0656073668246963,0.0453887802993165,0.0865818037575277,0.148976520421494,0.0545213728963117,0.0865818037575277,0.0714299464323527,0.173472727049999,0.0865818037575277,0.173472727049999,0.0613432731147329,0.0714299464323527,0.0613432731147329,0.147105639620399,0.0714299464323527,0.0613432731147329,0.109892388006257,0.0714299464323527,0.109892388006257,0.453010235567401,0.148976520421494,0.0613432731147329,0.148976520421494,0.0865818037575277,0.0714299464323527,0.0714299464323527,0.527498700621427,0.0865818037575277,0.0865818037575277,0.657472144425863,0.0865818037575277,0.0613432731147329,0.357256553363825,0.453010235567401,0.527498700621427,0.053389492321592,0.453010235567401,0.147105639620399,0.0714299464323527,0.527498700621427,0.527498700621427,0.0545213728963117,0.0591184875446644,0.0865818037575277,0.316671413636707,0.0865818037575277,0.0865818037575277,0.0545213728963117,0.0865818037575277
"DOID:5082",0.0571439257166366,0.0714299464323527,0.0933602719681705,0.0933602719681705,0.0476199206365212,0.0714299464323527,1,0.0892681146452845,0.041172338956928,0.0367619429090039,0.417263256347538,0.115427142925821,0.0999899660382537,0.0999899660382537,0.173472727049999,0.0571439257166366,0.0476199206365212,0.0571439257166366,0.138778105311832,0.417263256347538,0.0571439257166366,0.0933602719681705,0.173472727049999,0.041172338956928,0.0367619429090039,0.0571439257166366,0.173472727049999,0.173472727049999,0.138778105311832,0.173472727049999,0.824999518748676,0.0999899660382537,0.319248127932352,0.0476199206365212,0.138778105311832,0.0999899660382537,0.0476199206365212,0.0476199206365212,0.0999899660382537,0.0476199206365212,0.0819002213950383,0.0571439257166366,0.0571439257166366,0.138778105311832,0.041172338956928,0.226732089065557,0.0892790042075809,0.0714299464323527,0.0571439257166366,0.0476199206365212,0.173472727049999,0.173472727049999,0.115648378688694,0.0476199206365212,0.0571439257166366,0.041172338956928,0.173472727049999,0.138778105311832,0.173472727049999,0.0999899660382537,0.103565692421286,0.0933602719681705,0.0571439257166366,0.0571439257166366,0.115648378688694,0.115648378688694,0.0571439257166366,0.0714299464323527,0.319248127932352,0.115648378688694,0.0476199206365212,0.041172338956928,0.0476199206365212,0.0714299464323527,0.319248127932352,0.0999899660382537,0.0367619429090039,0.041172338956928,0.0933602719681705,0.0999899660382537,0.138778105311832,0.138778105311832,0.138778105311832,0.0933602719681705,0.0476199206365212,0.138778105311832,0.0999899660382537,0.0337236205744276,0.0714299464323527,0.138778105311832,0.138778105311832,0.115648378688694,0.115648378688694,0.0476199206365212,0.138778105311832,0.0571439257166366,0.0999899660382537,0.138778105311832,0.0476199206365212,0.0933602719681705,0.115648378688694,0.0714299464323527,0.0367619429090039,0.0999899660382537,0.0933602719681705,0.138778105311832,0.138778105311832,0.255398361876396,0.138778105311832,0.0476199206365212,0.0571439257166366,0.115648378688694,0.132392281936114,0.0836282440076777,0.0714299464323527,0.0476199206365212,0.0999899660382537,0.0714299464323527,0.138778105311832,0.0571439257166366,0.173472727049999,0.0571439257166366,0.115648378688694,0.138778105311832,0.115648378688694,0.311463077621673,0.0571439257166366,0.115648378688694,0.0933602719681705,0.138778105311832,0.0933602719681705,0.0476199206365212,0.0476199206365212,0.115648378688694,0.0476199206365212,0.173472727049999,0.138778105311832,0.138778105311832,0.0571439257166366,0.173472727049999,0.173472727049999,0.128249502550101,0.319248127932352,0.115648378688694,0.128249502550101,0.0476199206365212,0.0571439257166366,0.101020293477413,0.0476199206365212,0.311463077621673,0.0571439257166366,0.0571439257166366,0.0571439257166366,0.0999899660382537,0.115427142925821,0.173472727049999,0.0301593188641145,0.0714299464323527,0.319248127932352,0.0999899660382537,0.173472727049999
"DOID:437",0.0367574589715877,0.0470411711002957,0.0625463769526861,0.0625463769526861,0.0298195175153452,0.0470411711002957,0.0892681146452845,1,0.0250847842310818,0.0218282503521771,0.151898344027952,0.0774162791421573,0.0609201902754844,0.438975515183739,0.347391505530755,0.0367574589715877,0.0298195175153452,0.0367574589715877,0.16428333703628,0.151898344027952,0.0367574589715877,0.0625463769526861,0.114242844100718,0.0250847842310818,0.0218282503521771,0.0367574589715877,0.210245234101322,0.114242844100718,0.16428333703628,0.114242844100718,0.114242844100718,0.0609201902754844,0.114242844100718,0.0298195175153452,0.0892681146452845,0.112113627481774,0.0298195175153452,0.0298195175153452,0.0609201902754844,0.0298195175153452,0.0874943253370645,0.0367574589715877,0.0367574589715877,0.0892681146452845,0.0250847842310818,0.279544011278332,0.0975589148393219,0.0470411711002957,0.0367574589715877,0.0298195175153452,0.114242844100718,0.114242844100718,0.0724188282515526,0.0298195175153452,0.0367574589715877,0.0250847842310818,0.114242844100718,0.424540231045856,0.114242844100718,0.0609201902754844,0.122415326832223,0.0625463769526861,0.0367574589715877,0.0367574589715877,0.0724188282515526,0.0724188282515526,0.0367574589715877,0.0470411711002957,0.114242844100718,0.0724188282515526,0.0298195175153452,0.0250847842310818,0.0298195175153452,0.0470411711002957,0.114242844100718,0.0609201902754844,0.0218282503521771,0.0250847842310818,0.0625463769526861,0.0609201902754844,0.424540231045856,0.0892681146452845,0.0892681146452845,0.0625463769526861,0.0298195175153452,0.16428333703628,0.0609201902754844,0.0195763558973341,0.0470411711002957,0.16428333703628,0.16428333703628,0.0724188282515526,0.0724188282515526,0.0298195175153452,0.271447940451988,0.0367574589715877,0.0609201902754844,0.0892681146452845,0.0298195175153452,0.0625463769526861,0.0724188282515526,0.0470411711002957,0.0218282503521771,0.0609201902754844,0.0625463769526861,0.0892681146452845,0.0892681146452845,0.0892681146452845,0.0892681146452845,0.0298195175153452,0.0367574589715877,0.0724188282515526,0.321495067401043,0.0975535627857857,0.0470411711002957,0.0298195175153452,0.0609201902754844,0.0470411711002957,0.0892681146452845,0.0367574589715877,0.210245234101322,0.0367574589715877,0.133274986446135,0.0892681146452845,0.0724188282515526,0.386763077158822,0.0367574589715877,0.0724188282515526,0.0625463769526861,0.16428333703628,0.0625463769526861,0.0298195175153452,0.0298195175153452,0.133274986446135,0.0298195175153452,0.114242844100718,0.0892681146452845,0.16428333703628,0.0367574589715877,0.114242844100718,0.114242844100718,0.0865360309624762,0.114242844100718,0.0724188282515526,0.0865360309624762,0.0298195175153452,0.0367574589715877,0.065235947434328,0.0298195175153452,0.210158932337442,0.0367574589715877,0.0367574589715877,0.0367574589715877,0.0609201902754844,0.0774162791421573,0.210245234101322,0.0169257699083969,0.0470411711002957,0.114242844100718,0.0609201902754844,0.114242844100718
"DOID:0070004",0.041172338956928,0.0545213728963117,0.074963219752206,0.074963219752206,0.238224860376036,0.402631596345066,0.041172338956928,0.0250847842310818,1,0.842271159281001,0.074963219752206,0.034435159297279,0.0262176875118606,0.0262176875118606,0.0545213728963117,0.304051121218363,0.078342403747824,0.0999899660382537,0.041172338956928,0.074963219752206,0.304051121218363,0.074963219752206,0.0545213728963117,0.0636715268145186,0.842271159281001,0.041172338956928,0.0545213728963117,0.0545213728963117,0.041172338956928,0.0545213728963117,0.0545213728963117,0.0262176875118606,0.0545213728963117,0.238224860376036,0.041172338956928,0.0262176875118606,0.078342403747824,0.078342403747824,0.0262176875118606,0.238224860376036,0.0192321645820291,0.184015147583005,0.304051121218363,0.041172338956928,0.19361341827272,0.074963219752206,0.0220824020542819,0.0545213728963117,0.041172338956928,0.238224860376036,0.0545213728963117,0.0545213728963117,0.0322586368373393,0.238224860376036,0.041172338956928,0.0636715268145186,0.0545213728963117,0.041172338956928,0.0545213728963117,0.0262176875118606,0.0289860178539619,0.074963219752206,0.304051121218363,0.304051121218363,0.0322586368373393,0.0322586368373393,0.304051121218363,0.0545213728963117,0.0545213728963117,0.0322586368373393,0.564515588188714,0.681647618741698,0.238224860376036,0.243677156414128,0.0545213728963117,0.0262176875118606,0.163074998260921,0.458800951860886,0.074963219752206,0.0262176875118606,0.041172338956928,0.041172338956928,0.041172338956928,0.074963219752206,0.0322586368373393,0.041172338956928,0.0262176875118606,0.336556586563495,0.0545213728963117,0.041172338956928,0.041172338956928,0.0322586368373393,0.0322586368373393,0.838709477106931,0.041172338956928,0.304051121218363,0.0262176875118606,0.041172338956928,0.238224860376036,0.074963219752206,0.0322586368373393,0.0545213728963117,0.163074998260921,0.0262176875118606,0.074963219752206,0.041172338956928,0.041172338956928,0.041172338956928,0.041172338956928,0.564515588188714,0.041172338956928,0.0322586368373393,0.0419459661208335,0.0220424197132397,0.0545213728963117,0.078342403747824,0.0262176875118606,0.0545213728963117,0.041172338956928,0.0999899660382537,0.0545213728963117,0.0999899660382537,0.0322586368373393,0.041172338956928,0.0322586368373393,0.107359912685637,0.041172338956928,0.0322586368373393,0.074963219752206,0.041172338956928,0.074963219752206,0.238224860376036,0.078342403747824,0.0322586368373393,0.078342403747824,0.0545213728963117,0.041172338956928,0.041172338956928,0.304051121218363,0.0545213728963117,0.0545213728963117,0.479833079146011,0.0545213728963117,0.0322586368373393,0.260731216522262,0.238224860376036,0.304051121218363,0.0282937670156791,0.238224860376036,0.107359912685637,0.041172338956928,0.304051121218363,0.304051121218363,0.0262176875118606,0.034435159297279,0.0545213728963117,0.278017488842986,0.0545213728963117,0.0545213728963117,0.0262176875118606,0.0545213728963117
"DOID:2226",0.0367619429090039,0.0498579928542293,0.0698989009481177,0.0698989009481177,0.206873557102869,0.368193282506597,0.0367619429090039,0.0218282503521771,0.842271159281001,1,0.0698989009481177,0.03079376229165,0.0220824020542819,0.0220824020542819,0.0498579928542293,0.271481053610807,0.0680322436110106,0.0892790042075809,0.0367619429090039,0.0698989009481177,0.271481053610807,0.0698989009481177,0.0498579928542293,0.053628690703256,0.687384851140685,0.0367619429090039,0.0498579928542293,0.0498579928542293,0.0367619429090039,0.0498579928542293,0.0498579928542293,0.0220824020542819,0.0498579928542293,0.206873557102869,0.0367619429090039,0.0220824020542819,0.0680322436110106,0.0680322436110106,0.0220824020542819,0.206873557102869,0.0152223787564515,0.164303377491262,0.271481053610807,0.0367619429090039,0.163074998260921,0.0698989009481177,0.0180216412275933,0.0498579928542293,0.0367619429090039,0.206873557102869,0.0498579928542293,0.0498579928542293,0.0280132767810044,0.206873557102869,0.0367619429090039,0.053628690703256,0.0498579928542293,0.0367619429090039,0.0498579928542293,0.0220824020542819,0.0251948939855444,0.0698989009481177,0.271481053610807,0.271481053610807,0.0280132767810044,0.0280132767810044,0.271481053610807,0.0498579928542293,0.0498579928542293,0.0280132767810044,0.490223176474009,0.574132130058704,0.206873557102869,0.222834702756658,0.0498579928542293,0.0220824020542819,0.133086930698233,0.386434809603095,0.0698989009481177,0.0220824020542819,0.0367619429090039,0.0367619429090039,0.0367619429090039,0.0698989009481177,0.0280132767810044,0.0367619429090039,0.0220824020542819,0.266386646796648,0.0498579928542293,0.0367619429090039,0.0367619429090039,0.0280132767810044,0.0280132767810044,0.728332100315302,0.0367619429090039,0.271481053610807,0.0220824020542819,0.0367619429090039,0.206873557102869,0.0698989009481177,0.0280132767810044,0.0498579928542293,0.133086930698233,0.0220824020542819,0.0698989009481177,0.0367619429090039,0.0367619429090039,0.0367619429090039,0.0367619429090039,0.490223176474009,0.0367619429090039,0.0280132767810044,0.0384437948047428,0.0185926175583278,0.0498579928542293,0.0680322436110106,0.0220824020542819,0.0498579928542293,0.0367619429090039,0.0892790042075809,0.0498579928542293,0.0892790042075809,0.0280132767810044,0.0367619429090039,0.0280132767810044,0.10162667835798,0.0367619429090039,0.0280132767810044,0.0698989009481177,0.0367619429090039,0.0698989009481177,0.206873557102869,0.0680322436110106,0.0280132767810044,0.0680322436110106,0.0498579928542293,0.0367619429090039,0.0367619429090039,0.271481053610807,0.0498579928542293,0.0498579928542293,0.454209031844851,0.0498579928542293,0.0280132767810044,0.246807647440809,0.206873557102869,0.271481053610807,0.0245980510621901,0.206873557102869,0.10162667835798,0.0367619429090039,0.271481053610807,0.271481053610807,0.0220824020542819,0.03079376229165,0.0498579928542293,0.208887367284453,0.0498579928542293,0.0498579928542293,0.0220824020542819,0.0498579928542293
"DOID:8534",0.0933602719681705,0.109892388006257,0.135412554283458,0.135412554283458,0.0823790970344355,0.109892388006257,0.417263256347538,0.151898344027952,0.074963219752206,0.0698989009481177,1,0.186245248845693,0.182053533683929,0.182053533683929,0.266881513729481,0.0933602719681705,0.0823790970344355,0.0933602719681705,0.226732089065557,0.605211212001579,0.0933602719681705,0.135412554283458,0.266881513729481,0.074963219752206,0.0698989009481177,0.0933602719681705,0.266881513729481,0.266881513729481,0.226732089065557,0.266881513729481,0.491151693334087,0.182053533683929,0.491151693334087,0.0823790970344355,0.226732089065557,0.182053533683929,0.0823790970344355,0.0823790970344355,0.182053533683929,0.0823790970344355,0.161291303605171,0.0933602719681705,0.0933602719681705,0.226732089065557,0.074963219752206,0.328859060402685,0.169754473731143,0.109892388006257,0.0933602719681705,0.0823790970344355,0.266881513729481,0.266881513729481,0.200063521369343,0.0823790970344355,0.0933602719681705,0.074963219752206,0.266881513729481,0.226732089065557,0.266881513729481,0.182053533683929,0.177805337375408,0.135412554283458,0.0933602719681705,0.0933602719681705,0.200063521369343,0.200063521369343,0.0933602719681705,0.109892388006257,0.491151693334087,0.200063521369343,0.0823790970344355,0.074963219752206,0.0823790970344355,0.109892388006257,0.491151693334087,0.182053533683929,0.0698989009481177,0.074963219752206,0.135412554283458,0.182053533683929,0.226732089065557,0.226732089065557,0.226732089065557,0.135412554283458,0.0823790970344355,0.226732089065557,0.182053533683929,0.0664140661903645,0.109892388006257,0.226732089065557,0.226732089065557,0.200063521369343,0.200063521369343,0.0823790970344355,0.226732089065557,0.0933602719681705,0.182053533683929,0.226732089065557,0.0823790970344355,0.135412554283458,0.200063521369343,0.109892388006257,0.0698989009481177,0.182053533683929,0.135412554283458,0.226732089065557,0.226732089065557,0.417263256347538,0.226732089065557,0.0823790970344355,0.0933602719681705,0.200063521369343,0.200036727313821,0.150492019191881,0.109892388006257,0.0823790970344355,0.182053533683929,0.109892388006257,0.226732089065557,0.0933602719681705,0.266881513729481,0.0933602719681705,0.200063521369343,0.226732089065557,0.200063521369343,0.428329451619733,0.0933602719681705,0.200063521369343,0.135412554283458,0.226732089065557,0.135412554283458,0.0823790970344355,0.0823790970344355,0.200063521369343,0.0823790970344355,0.266881513729481,0.226732089065557,0.226732089065557,0.0933602719681705,0.266881513729481,0.266881513729481,0.176370950666949,0.491151693334087,0.200063521369343,0.176370950666949,0.0823790970344355,0.0933602719681705,0.173159214306698,0.0823790970344355,0.428329451619733,0.0933602719681705,0.0933602719681705,0.0933602719681705,0.182053533683929,0.186245248845693,0.266881513729481,0.0623300805587105,0.109892388006257,0.491151693334087,0.182053533683929,0.266881513729481
"DOID:6132",0.0475288235576909,0.0591184875446644,0.0766892201129323,0.0766892201129323,0.0397384474440781,0.0591184875446644,0.115427142925821,0.0774162791421573,0.034435159297279,0.03079376229165,0.186245248845693,1,0.0836282440076777,0.0836282440076777,0.143573469751328,0.0475288235576909,0.0397384474440781,0.0475288235576909,0.115427142925821,0.186245248845693,0.0475288235576909,0.0766892201129323,0.143573469751328,0.034435159297279,0.03079376229165,0.0475288235576909,0.143573469751328,0.143573469751328,0.115427142925821,0.143573469751328,0.143573469751328,0.0836282440076777,0.143573469751328,0.0397384474440781,0.115427142925821,0.0836282440076777,0.0397384474440781,0.0397384474440781,0.0836282440076777,0.0397384474440781,0.0686767882236413,0.0475288235576909,0.0475288235576909,0.115427142925821,0.034435159297279,0.186245248845693,0.0747848512797213,0.0591184875446644,0.0475288235576909,0.0397384474440781,0.143573469751328,0.652389028818398,0.0965076580784755,0.0397384474440781,0.0475288235576909,0.034435159297279,0.143573469751328,0.115427142925821,0.143573469751328,0.0836282440076777,0.0879454965019596,0.0766892201129323,0.0475288235576909,0.0475288235576909,0.624477867768643,0.177606530413329,0.0475288235576909,0.0591184875446644,0.143573469751328,0.0965076580784755,0.0397384474440781,0.034435159297279,0.0397384474440781,0.0591184875446644,0.143573469751328,0.0836282440076777,0.03079376229165,0.034435159297279,0.0766892201129323,0.0836282440076777,0.115427142925821,0.115427142925821,0.115427142925821,0.0766892201129323,0.0397384474440781,0.115427142925821,0.532475316449926,0.0282786775038523,0.0591184875446644,0.115427142925821,0.115427142925821,0.0965076580784755,0.0965076580784755,0.0397384474440781,0.115427142925821,0.0475288235576909,0.0836282440076777,0.115427142925821,0.0397384474440781,0.0766892201129323,0.429762688093125,0.0591184875446644,0.03079376229165,0.0836282440076777,0.0766892201129323,0.115427142925821,0.115427142925821,0.115427142925821,0.115427142925821,0.0397384474440781,0.0475288235576909,0.429762688093125,0.114236225953255,0.0718681904573642,0.0591184875446644,0.0397384474440781,0.0836282440076777,0.0591184875446644,0.350992740733619,0.0475288235576909,0.143573469751328,0.0475288235576909,0.0965076580784755,0.519253882024903,0.0965076580784755,0.252828194780397,0.0475288235576909,0.0965076580784755,0.0766892201129323,0.115427142925821,0.0766892201129323,0.0397384474440781,0.0397384474440781,0.0965076580784755,0.0397384474440781,0.143573469751328,0.115427142925821,0.115427142925821,0.0475288235576909,0.143573469751328,0.143573469751328,0.104105727262516,0.143573469751328,0.177606530413329,0.104105727262516,0.0397384474440781,0.0475288235576909,0.0861031805199975,0.0397384474440781,0.465288862663083,0.0475288235576909,0.0475288235576909,0.0475288235576909,0.153904079308247,0.757937823909449,0.143573469751328,0.0253213813918275,0.0591184875446644,0.143573469751328,0.0836282440076777,0.143573469751328
